3.03317 1.46585 3.07854 0.669001
3.03495 1.46551 3.08021 0.668869
3.02435 1.46478 3.07055 0.668627
3.02369 1.46531 3.06976 0.668827
3.02092 1.46474 3.06703 0.668626
3.02068 1.46492 3.06674 0.668693
3.02897 1.46572 3.07429 0.668967
3.02874 1.46545 3.07432 0.668865
3.03308 1.46522 3.07863 0.668768
3.02615 1.46444 3.07223 0.668496
3.02684 1.46409 3.07319 0.66836
3.04269 1.46486 3.08833 0.668602
3.02174 1.46547 3.06887 0.668882
2.97142 1.46599 3.02098 0.669273
2.95793 1.4646 3.00671 0.668845
2.97087 1.46472 3.01884 0.668825
2.9596 1.46499 3.00877 0.668975
2.96709 1.46511 3.01573 0.668983
2.96627 1.46447 3.01547 0.668745
2.95562 1.46664 3.00437 0.669608
2.94677 1.46729 2.9955 0.669902
2.94921 1.46905 2.9963 0.67055
2.96471 1.47111 3.01021 0.671233
2.95546 1.47204 3.00175 0.671618
2.94267 1.47165 2.99073 0.67153
2.95688 1.47261 3.00352 0.671814
2.93243 1.47499 2.9786 0.672833
2.873 1.47529 2.9207 0.673353
2.86221 1.47539 2.90931 0.673486
2.91507 1.47883 2.95806 0.674372
2.95581 1.47989 2.99645 0.674538
2.998 1.4843 3.03656 0.675979
2.98896 1.49093 3.02976 0.678413
2.99244 1.49545 3.03625 0.680019
2.9088 1.50128 2.9585 0.682417
2.90797 1.50199 2.95819 0.68267
2.93407 1.50316 2.98296 0.682982
3.02995 1.5036 3.07488 0.682872
3.08649 1.49433 3.13175 0.679395
-3.08952 1.49659 -3.04848 0.68031
-2.85162 1.49704 -2.81545 0.681666
-2.84052 1.49422 -2.80337 0.680772
-2.97468 1.49827 -2.93505 0.681314
-2.95926 1.49915 -2.92045 0.681709
-3.12288 1.50811 -3.10743 0.684588
2.78382 1.50762 2.75901 0.68588
2.65781 1.50098 2.62487 0.684927
2.75433 1.50243 2.74154 0.68436
2.83981 1.51274 2.80345 0.687211
2.65705 1.517 2.55636 0.689594
2.36481 1.50253 2.20664 0.688665
2.21878 1.46247 1.98208 0.68179
2.13969 1.43427 1.86538 0.678652
2.12342 1.42889 1.8475 0.67843
2.15697 1.45181 1.86507 0.680435
2.12709 1.4563 1.80715 0.681316
2.17402 1.45274 1.7943 0.676435
2.3128 1.4585 1.86656 0.668814
2.36679 1.47789 1.83825 0.665173
2.36788 1.51032 1.75531 0.663814
2.05812 1.52954 1.37051 0.663498
1.0191 1.52867 0.243356 0.666458
0.713203 1.51482 -0.106925 0.667115
0.875991 1.51102 0.00945245 0.660576
1.4918 1.4731 0.517143 0.64257
1.72819 1.45153 0.703117 0.629805
1.95452 1.41829 0.846801 0.608769
2.1044 1.41186 0.929998 0.589813
2.1831 1.42129 0.94042 0.57382
2.18091 1.44404 0.859211 0.55939
2.20643 1.4579 0.819583 0.545246
2.12871 1.47093 0.660826 0.530581
2.11848 1.4786 0.602968 0.519877
2.28599 1.4612 0.660658 0.489222
2.52936 1.44646 0.810199 0.456336
2.75828 1.43648 0.959656 0.425447
2.94585 1.42293 1.06898 0.394708
3.05723 1.41785 1.09786 0.366692
-3.11019 1.42202 1.11751 0.335833
-2.89476 1.39517 1.2184 0.287399
-2.66913 1.39641 1.31731 0.240756
-2.59767 1.40218 1.26807 0.202718
-2.51183 1.40035 1.23409 0.161345
-2.43441 1.41144 1.21673 0.131476
-2.24992 1.40525 1.26559 0.079457
-2.26458 1.41055 1.14679 0.0468029
-2.34096 1.41875 0.996462 0.0269047
-2.55483 1.42328 0.703276 0.009732
-2.83942 1.40741 0.305209 0.0161876
-2.92558 1.4042 0.106683 0.047951
-2.84379 1.40888 0.0742183 0.0892014
-2.78194 1.40832 0.065032 0.11554
-2.77238 1.40282 -0.015456 0.145125
-2.70113 1.39361 -0.0182463 0.173241
-2.66108 1.39909 -0.0436698 0.195674
-2.65539 1.40114 -0.0346879 0.194844
-2.68685 1.40042 -0.0524428 0.188778
-2.78052 1.39659 -0.0943361 0.1672
-2.83751 1.40425 -0.0741666 0.139223
-2.95433 1.41603 -0.064918 0.091998
3.0727 1.42155 -0.171174 0.029733
3.0176 1.40748 -0.139479 0.00211784
2.98535 1.40325 -0.0591532 0.0405514
2.88138 1.41184 -0.0570304 0.0803537
2.82884 1.43252 0.00945361 0.120535
2.78144 1.45233 0.0558322 0.152105
2.64147 1.4637 0.0251026 0.192209
2.54235 1.45439 0.0231232 0.227824
2.54001 1.43369 0.0861363 0.250166
2.5263 1.4237 0.190399 0.287419
2.41259 1.41503 0.232649 0.339568
2.37585 1.40638 0.274102 0.364242
2.38619 1.40181 0.373573 0.388264
2.29765 1.39875 0.403553 0.424751
2.2422 1.39451 0.46815 0.458278
2.09182 1.3997 0.484383 0.505814
1.97933 1.40411 0.441103 0.52708
1.8261 1.40942 0.409089 0.560139
1.78727 1.413 0.43713 0.574966
1.58998 1.41708 0.33313 0.601397
1.33061 1.42219 0.178189 0.629545
1.05214 1.42749 0.00851041 0.655098
0.754667 1.42574 -0.163907 0.681185
0.600509 1.44008 -0.215847 0.69296
0.854415 1.45483 0.200976 0.703978
0.881622 1.46271 0.339691 0.711604
0.902861 1.46909 0.407511 0.713144
1.02921 1.47894 0.637437 0.714681
1.21163 1.47253 0.912593 0.715287
1.29743 1.45953 1.05752 0.716009
0.962528 1.48644 0.83542 0.723609
0.078643 1.51075 0.0859757 0.727937
-0.816909 1.47176 -0.670115 0.730101
-0.935563 1.43532 -0.702629 0.733389
-0.950559 1.40535 -0.64241 0.737196
-0.933704 1.37181 -0.488415 0.739458
-0.789215 1.35591 -0.248462 0.743336
-0.570016 1.34855 0.0334662 0.746607
-0.422043 1.33419 0.261171 0.744781
-0.33774 1.33518 0.443178 0.732349
-0.384258 1.33369 0.525758 0.714129
-0.502184 1.32208 0.501771 0.702795
-0.662656 1.2906 0.43868 0.694797
-0.759613 1.26336 0.434406 0.684735
-0.821602 1.26689 0.451823 0.667212
-0.8436 1.29368 0.486263 0.647239
-0.85067 1.32769 0.573221 0.616309
-0.889949 1.35863 0.636434 0.582379
-1.04982 1.38419 0.568698 0.54979
-1.39178 1.41152 0.341593 0.504972
-1.76425 1.41575 0.0786637 0.462712
-1.96061 1.41585 -0.0286337 0.430674
-1.9748 1.42476 0.064468 0.399098
-1.86589 1.43088 0.247192 0.381069
-1.76198 1.43226 0.502539 0.339084
-1.81534 1.43402 0.510486 0.318227
-1.95025 1.43705 0.463388 0.285948
-2.17613 1.44732 0.295692 0.257679
-2.44894 1.45543 0.0698962 0.231446
-2.70093 1.45784 -0.121375 0.202137
-2.83467 1.46005 -0.21863 0.185124
-2.8996 1.45641 -0.234684 0.166816
-2.8592 1.46895 -0.131757 0.147899
-2.71435 1.4818 0.0715983 0.132718
-2.52978 1.48563 0.324875 0.114598
-2.53205 1.48283 0.37251 0.0981878
-2.6802 1.4789 0.252324 0.0850505
-2.79707 1.47607 0.17005 0.0700586
-2.77923 1.47716 0.205578 0.0645844
-2.78583 1.47992 0.216566 0.0581876
-2.78783 1.48303 0.219191 0.0562601
-2.7865 1.48777 0.215825 0.0574188
-2.74221 1.4915 0.247312 0.0625776
-2.69085 1.49179 0.284651 0.0686474
-2.55066 1.49434 0.378451 0.0875179
-2.34659 1.49919 0.533916 0.107595
-1.97019 1.50121 0.822087 0.143458
-1.65287 1.49926 1.04876 0.178341
-1.52755 1.49921 1.09133 0.207298
-1.76209 1.51834 0.758941 0.232083
-2.12436 1.52761 0.291057 0.260369
-2.24303 1.53939 0.00600602 0.310008
-1.28735 1.55171 0.825957 0.354298
-0.454733 1.53808 1.56733 0.385238
-0.186996 1.50722 1.70318 0.430242
-0.285266 1.49769 1.53761 0.453831
-0.347254 1.48155 1.38161 0.485925
-0.304334 1.47205 1.38066 0.500044
-0.325601 1.46381 1.28352 0.52318
-0.322875 1.4598 1.20727 0.544724
-0.287131 1.48061 1.11759 0.568367
-0.183304 1.52562 1.08225 0.58444
-0.774088 1.56088 0.373853 0.597225
-2.77828 1.54995 -1.77969 0.615954
-2.79235 1.54166 -1.85587 0.623882
-2.74383 1.53118 -1.90384 0.635948
-2.64785 1.52296 -1.88984 0.64587
-2.43303 1.52142 -1.73637 0.655858
-2.01332 1.52084 -1.40569 0.672069
-1.52761 1.50877 -1.04917 0.69275
-1.47306 1.5121 -1.03369 0.696291
-1.49329 1.51597 -1.07046 0.696626
-1.50268 1.52341 -1.11513 0.698016
-1.43596 1.52262 -1.09747 0.701901
-1.22787 1.51791 -0.933554 0.708019
-0.960439 1.50736 -0.732821 0.717035
-0.509072 1.49944 -0.372001 0.727811
-0.356782 1.49219 -0.266702 0.732288
-0.289211 1.48073 -0.252341 0.736943
-0.361937 1.48068 -0.377663 0.736063
-0.402169 1.4616 -0.500895 0.739913
-0.616637 1.43115 -0.843222 0.737626
-0.783528 1.42621 -1.08175 0.72786
-0.883045 1.42547 -1.2565 0.71764
-0.550423 1.46659 -1.12098 0.702305
-0.475982 1.48012 -1.09489 0.695487
-0.449597 1.49846 -1.21778 0.672343
-0.405396 1.51246 -1.31817 0.647891
-0.775704 1.53087 -1.79581 0.620951
-0.562497 1.51799 -1.67627 0.608202
-0.0851785 1.50899 -1.346 0.587409
0.24557 1.50439 -1.10703 0.572496
0.593644 1.51129 -0.847828 0.551893
1.23005 1.5243 -0.345313 0.513579
2.88887 1.52031 1.16567 0.452472
-2.76164 1.4268 1.59249 0.359447
-2.6363 1.34727 1.49649 0.267772
-2.40439 1.31195 1.50873 0.181573
-2.17281 1.30141 1.58913 0.122934
-2.05885 1.29212 1.60672 0.0856603
-2.02957 1.30691 1.49977 0.0452651
-2.04886 1.32125 1.38246 0.0181197
-2.12351 1.33674 1.26139 0.0102146
-2.21846 1.36194 1.08322 0.00591852
-2.28867 1.37014 0.942695 0.0238105
-2.4657 1.36181 0.647038 0.0554507
-2.65938 1.34573 0.310169 0.0910108
-2.7187 1.33784 0.192573 0.10559
-2.79701 1.33435 0.0329502 0.124616
-2.81744 1.33541 -0.0354723 0.137529
-2.85508 1.34125 -0.100719 0.142668
-2.89075 1.33924 -0.145898 0.142703
-2.92148 1.33851 -0.158915 0.134814
-2.93156 1.34134 -0.144773 0.126606
-3.09406 1.3524 -0.0837226 0.0447005
-3.13747 1.35669 -0.0490426 0.0169911
3.10999 1.36207 -0.0252564 0.00432403
3.05644 1.39339 0.0758487 0.0569291
2.96868 1.39979 0.0997803 0.0979679
2.91066 1.39978 0.175945 0.144
2.86171 1.3878 0.235015 0.180735
2.94312 1.40148 0.463824 0.221169
3.04468 1.41104 0.699602 0.256603
-2.99421 1.40696 1.06961 0.280495
-2.85352 1.39641 1.3538 0.312788
-2.81015 1.39328 1.51686 0.343416
-2.79709 1.41255 1.68625 0.390723
-2.8855 1.4631 1.77806 0.454569
-3.02777 1.5002 1.74839 0.495344
2.93985 1.52426 1.50332 0.522304
2.39842 1.54358 1.03643 0.547929
1.61617 1.53919 0.351616 0.576529
1.17341 1.53463 -0.0118459 0.597121
0.913752 1.52691 -0.200076 0.61465
0.563002 1.50601 -0.413617 0.646976
0.426371 1.48637 -0.412182 0.675124
0.253237 1.48077 -0.388575 0.702073
0.07886 1.49461 -0.336376 0.718126
-0.164503 1.50192 -0.385425 0.725812
-0.829289 1.50018 -0.907167 0.72226
-1.11887 1.48006 -1.10225 0.720599
-1.24219 1.44993 -1.12479 0.72073
-1.2222 1.44623 -1.0405 0.72155
-1.23658 1.45066 -1.00829 0.719639
-1.32648 1.46515 -1.07185 0.713964
-1.37006 1.47216 -1.11601 0.711779
-1.4016 1.48675 -1.12076 0.708579
-1.47073 1.50636 -1.12535 0.702364
-1.81497 1.52391 -1.3419 0.687103
-2.36261 1.52623 -1.65735 0.656733
-2.76867 1.51149 -2.008 0.640997
-3.09237 1.51414 -2.25781 0.628285
-2.87757 1.53718 -1.95096 0.623596
-1.28032 1.54397 -0.238282 0.620107
-0.880901 1.52602 0.235995 0.614544
-0.259588 1.51592 0.976499 0.594252
0.181562 1.47149 1.47162 0.588116
0.268184 1.4465 1.58199 0.585295
0.119096 1.45929 1.4815 0.575882
-0.28316 1.49412 1.11364 0.565955
-1.02649 1.48988 0.385355 0.564821
-1.40591 1.47057 0.0774016 0.548619
-1.7115 1.45735 -0.155736 0.526782
-1.99711 1.44619 -0.389857 0.506072
-2.16397 1.40929 -0.460298 0.478776
-2.21958 1.38638 -0.46337 0.464448
-2.28932 1.35355 -0.448453 0.440985
-2.33279 1.34623 -0.447728 0.427205
-2.46268 1.323 -0.52061 0.402973
-2.62233 1.30046 -0.55524 0.356866
-2.67674 1.31015 -0.515834 0.327832
-2.68785 1.32132 -0.447043 0.305721
-2.69519 1.34121 -0.341642 0.273917
-2.68919 1.35887 -0.222515 0.241382
-2.57141 1.40106 0.0940364 0.185699
-2.55641 1.40459 0.166008 0.168141
-2.54605 1.40333 0.206776 0.159202
-2.57171 1.38382 0.234461 0.143357
-2.69542 1.36631 0.184824 0.114052
-2.86883 1.37247 0.0601878 0.0862457
-2.96334 1.38432 -0.0212658 0.0752807
-2.99041 1.39622 -0.0558683 0.0757312
-2.96029 1.40514 -0.0447603 0.0834721
-2.83765 1.41774 0.0369074 0.103022
-2.65714 1.42362 0.150967 0.133283
-2.39673 1.43239 0.287057 0.184188
-2.1489 1.44455 0.395898 0.236007
-1.9881 1.45174 0.446612 0.274493
-1.69873 1.45696 0.586509 0.327288
-1.49652 1.45368 0.671001 0.368271
-1.37514 1.44234 0.642461 0.418398
-1.31686 1.43041 0.564633 0.461717
-1.22452 1.42389 0.486747 0.510828
-1.18899 1.4273 0.43178 0.533199
-1.09897 1.42735 0.413309 0.560813
-0.921425 1.43815 0.466699 0.587983
-0.88545 1.43858 0.39251 0.611659
-0.830436 1.43958 0.299702 0.640638
-0.676424 1.43339 0.311426 0.668859
-0.671523 1.43158 0.186604 0.689197
-0.626077 1.42955 0.117807 0.70541
-0.748479 1.43796 -0.139761 0.715497
-0.976733 1.45102 -0.470252 0.715047
-1.15318 1.47486 -0.758434 0.712143
-1.6697 1.50319 -1.49024 0.70364
-1.68017 1.50822 -1.52951 0.704004
-1.65674 1.51192 -1.53625 0.704983
-1.7882 1.51565 -1.68356 0.702667
-1.8332 1.52146 -1.75417 0.702485
-1.88396 1.55792 -1.86865 0.705702
1.46866 1.55183 1.44325 0.707786
1.35969 1.52965 1.31469 0.710145
1.20875 1.52371 1.14965 0.712955
1.16961 1.52967 1.09218 0.71262
1.24163 1.54006 1.13518 0.710076
1.05236 1.5419 0.928338 0.711277
1.0284 1.53599 0.891258 0.712398
1.19689 1.53794 1.05958 0.71032
1.44165 1.53912 1.30112 0.707492
1.59702 1.54012 1.4537 0.705702
1.55973 1.54013 1.41338 0.706044
1.44731 1.54479 1.30159 0.706965
1.3907 1.54985 1.2477 0.707104
1.40363 1.55257 1.26326 0.706852
1.53626 1.55255 1.39594 0.706012
1.575 1.5506 1.43652 0.70584
1.58364 1.55155 1.44285 0.705714
1.62008 1.55394 1.48095 0.705492
1.72479 1.55657 1.58757 0.704997
1.71251 1.55972 1.58239 0.7053
1.65727 1.56256 1.53012 0.705606
1.55325 1.5653 1.4271 0.705855
1.64936 1.56734 1.5254 0.705728
-1.28524 1.56905 -1.40845 0.705904
-1.85298 1.56287 -1.97354 0.704876
-1.84761 1.56225 -1.96692 0.704845
-1.83264 1.56133 -1.95092 0.704807
-1.79244 1.56011 -1.90698 0.704897
-1.84045 1.5592 -1.9528 0.704667
-1.87011 1.55759 -1.98255 0.704349
-1.847 1.55806 -1.95979 0.704498
-1.84604 1.55721 -1.95877 0.704404
-1.95939 1.55539 -2.07255 0.703609
-2.09371 1.55372 -2.20274 0.702735
-2.23785 1.55166 -2.33854 0.70173
-2.38458 1.54847 -2.48037 0.700261
-2.58057 1.54041 -2.66979 0.696981
-2.7164 1.53331 -2.80148 0.694048
-2.85382 1.52895 -2.9339 0.692043
-2.9361 1.52798 -3.013 0.691495
-2.95759 1.52731 -3.03653 0.691175
-3.00878 1.52635 -3.08485 0.690777
-3.03355 1.52424 -3.10659 0.690026
-3.06121 1.5231 -3.13036 0.689638
-3.06849 1.52027 -3.13799 0.688606
-3.09833 1.51748 3.11594 0.687587
-3.12202 1.51562 3.09342 0.686929
-3.12885 1.51472 3.08535 0.686588
-3.12465 1.51357 3.09026 0.68618
-3.12004 1.51235 3.0973 0.685764
-3.09269 1.512 3.12476 0.685636
-3.08617 1.5111 3.13156 0.685318
-3.08964 1.51005 3.12905 0.684943
-3.1074 1.50927 3.11168 0.684658
-3.09805 1.50786 3.12446 0.684187
-3.10056 1.50742 3.12259 0.684034
-3.10519 1.50681 3.11883 0.683818
-3.11094 1.50601 3.11249 0.683519
-3.12847 1.50547 3.09548 0.683332
-3.13035 1.50564 3.0929 0.683387
-3.13341 1.50467 3.09112 0.683047
-3.13866 1.50476 3.08643 0.683087
-3.135 1.5045 3.09096 0.683
-3.11922 1.50461 3.10719 0.683038
-3.11876 1.5039 3.10781 0.682781
-3.13039 1.50362 3.0952 0.682672
-3.12693 1.50406 3.09852 0.682832
-3.13195 1.50397 3.09308 0.682794
-3.1355 1.50317 3.0906 0.682516
-3.13135 1.50273 3.0948 0.682354
-3.13274 1.50238 3.09386 0.68223
-3.12094 1.50337 3.10578 0.682588
-3.11993 1.50372 3.10721 0.682723
-3.12102 1.50346 3.10619 0.682627
-3.12867 1.50354 3.09811 0.682654
-3.12366 1.50425 3.10204 0.6829
-3.12862 1.50459 3.09621 0.683019
-3.13225 1.50432 3.09269 0.682923
-3.1279 1.50371 3.09712 0.682697
-3.12758 1.5038 3.09811 0.682738
-3.12371 1.50433 3.10146 0.682926
-3.12913 1.50468 3.09603 0.683055
-3.12106 1.50664 3.10423 0.683769
-3.11855 1.5062 3.10715 0.683613
-3.11253 1.50488 3.11492 0.683148
-3.10852 1.50461 3.11894 0.683051
-3.11019 1.50453 3.11715 0.683017
-3.11114 1.5055 3.11632 0.683375
-3.10824 1.50665 3.11876 0.68379
-3.1022 1.50595 3.12608 0.683546
-3.10851 1.50542 3.12048 0.683361
-3.10521 1.5048 3.12456 0.683143
-3.10215 1.50471 3.12725 0.683106
-3.08928 1.50478 3.14044 0.683142
-3.09552 1.504 3.13447 0.682854
-3.09031 1.50354 3.1392 0.682686
-3.08913 1.50398 3.14027 0.682847
-3.08825 1.50381 3.14151 0.682786
-3.0841 1.5046 -3.13759 0.683077
-3.08278 1.50398 -3.13512 0.682863
-3.08194 1.50398 -3.13395 0.682867
-3.08617 1.50398 -3.13881 0.68286
-3.09031 1.50345 3.13973 0.68266
-3.09359 1.5031 3.13623 0.682527
-3.09437 1.50293 3.13516 0.682459
-3.0977 1.50284 3.13207 0.68243
-3.09106 1.50293 3.13979 0.682474
-3.08105 1.50291 -3.13249 0.682484
-3.08309 1.50221 -3.13418 0.682228
-3.07976 1.50193 -3.13101 0.682129
-3.08764 1.50239 -3.13956 0.682284
-3.08849 1.50248 -3.14025 0.682318
-3.08644 1.50239 -3.13685 0.682301
-3.08392 1.50203 -3.13428 0.682171
-3.07187 1.50307 -3.12177 0.682565
-3.07108 1.50271 -3.12057 0.68244
-3.06986 1.50253 -3.11882 0.68238
-3.06693 1.5027 -3.11579 0.682446
-3.06453 1.50225 -3.11282 0.68229
-3.05864 1.50258 -3.10674 0.682421
-3.052 1.50256 -3.09951 0.682427
-3.04942 1.50183 -3.09663 0.68217
-3.04084 1.50241 -3.08847 0.682392
-3.03493 1.50256 -3.08234 0.682459
-3.03174 1.50236 -3.07882 0.682397
-3.02333 1.50303 -3.06947 0.682665
-3.01732 1.50316 -3.06323 0.682732
-3.01491 1.50306 -3.06033 0.682704
-3.01147 1.50312 -3.05712 0.682734
-3.01139 1.50321 -3.05655 0.682771
-3.0076 1.50399 -3.05332 0.683057
-3.01573 1.50351 -3.06123 0.682865
-3.0076 1.50399 -3.05332 0.683057
-3.01372 1.50341 -3.05889 0.682836
-3.01842 1.50335 -3.06384 0.682801
-3.01355 1.50358 -3.05875 0.6829
-3.01649 1.50361 -3.06183 0.682899
-3.00328 1.50404 -3.04787 0.6831
-2.99354 1.50334 -3.03745 0.682878
-2.99805 1.50311 -3.04202 0.682781
-3.00023 1.50339 -3.04473 0.682873
-3.00275 1.50341 -3.04722 0.682874
-3.00902 1.50346 -3.05392 0.68287
-3.00642 1.50353 -3.05086 0.682907
-3.00713 1.50327 -3.05117 0.682813
-3.00735 1.50345 -3.05159 0.682876
-3.00264 1.50386 -3.04687 0.683038
-3.01239 1.50349 -3.05656 0.682877
-3.01403 1.50439 -3.05836 0.6832
-3.0176 1.50558 -3.06247 0.683617
-3.0259 1.50607 -3.07059 0.683781
-3.02496 1.50767 -3.07017 0.684359
-3.0329 1.51092 -3.07954 0.685508
-3.04309 1.51763 -3.09152 0.687907
-3.03902 1.53235 -3.08964 0.693198
-2.96877 1.56133 -3.01933 0.703563
-0.0335408 1.53441 -0.0787703 0.719651
0.00888005 1.4793 -0.0388228 0.7385
0.0491742 1.4014 0.00897933 0.764224
0.0469072 1.33136 0.0217045 0.78639
0.0111865 1.21219 -0.00746166 0.821848
-0.0209478 1.10127 -0.0306247 0.852131
-0.0240261 1.01439 -0.0573754 0.873854
-0.0356259 0.882243 -0.0639253 0.903911
-0.0548156 0.77039 -0.0652597 0.92622
-0.0747522 0.640453 -0.0759373 0.948264
-0.0719509 0.516251 -0.09505 0.96559
-0.0692082 0.431254 -0.10634 0.975271
-0.0543223 0.309698 -0.124321 0.986023
-0.0402273 0.169146 -0.142968 0.993801
-0.0225283 0.0923082 -0.155149 0.995908
-0.00815053 -0.0164278 -0.173562 0.996192
0.00347322 -0.101983 -0.193495 0.994037
0.0243893 -0.219484 -0.213456 0.988397
-0.0975896 -0.528402 -0.154441 0.960297
-0.158424 -0.617832 -0.120596 0.946501
-0.172473 -0.644715 -0.110857 0.942004
-0.197187 -0.761789 -0.0803234 0.92161
-0.179934 -0.879338 -0.072125 0.899268
-0.138715 -0.969317 -0.0893252 0.880385
-0.0705197 -1.06707 -0.127229 0.8576
0.0186523 -1.16403 -0.18029 0.83239
0.0828899 -1.24587 -0.225477 0.80904
0.216621 -1.34922 -0.32568 0.777049
0.41327 -1.42747 -0.4836 0.75048
1.34556 -1.51022 -1.3733 0.711207
2.36691 -1.48191 -2.37232 0.683897
2.6805 -1.39838 -2.66059 0.650195
2.74619 -1.30826 -2.69473 0.616324
2.75972 -1.25146 -2.68225 0.594963
2.77074 -1.20104 -2.65801 0.575651
2.76617 -1.17791 -2.64799 0.567107
2.75697 -1.16386 -2.65479 0.562084
2.76078 -1.16514 -2.66943 0.56221
2.76454 -1.16997 -2.68069 0.563754
2.76759 -1.17524 -2.68924 0.565543
2.77468 -1.17611 -2.69594 0.565491
2.77406 -1.17696 -2.69432 0.565871
2.77274 -1.18056 -2.69267 0.56734
2.77286 -1.18993 -2.69637 0.570905
2.74538 -1.20113 -2.67926 0.576519
2.71344 -1.21444 -2.6511 0.583237
2.67017 -1.23572 -2.60859 0.593523
2.59543 -1.26306 -2.53862 0.607501
2.30672 -1.3296 -2.27916 0.645674
2.20608 -1.35108 -2.19043 0.657308
1.95582 -1.39578 -1.96352 0.680965
1.4984 -1.43351 -1.53191 0.70804
0.799384 -1.42909 -0.863645 0.738696
0.351628 -1.37511 -0.444734 0.766633
0.113622 -1.28169 -0.23887 0.798641
0.0293444 -1.18487 -0.175268 0.827028
-0.00649181 -1.04657 -0.164485 0.863117
-0.0445483 -0.901941 -0.152284 0.896456
-0.076233 -0.782453 -0.145966 0.920252
-0.0943316 -0.644596 -0.145795 0.943851
-0.113112 -0.537619 -0.136683 0.959274
-0.137358 -0.404376 -0.118828 0.974777
-0.150936 -0.286904 -0.109834 0.984832
-0.172678 -0.157463 -0.101561 0.991564
-0.194576 -0.0329312 -0.114583 0.993412
-0.220843 0.0645359 -0.125271 0.991667
-0.240776 0.181814 -0.140443 0.986991
-0.263736 0.323135 -0.14081 0.977471
-0.25814 0.441297 -0.142074 0.967198
-0.261802 0.57749 -0.153166 0.950459
-0.291626 0.738194 -0.192885 0.923516
-0.317957 0.82187 -0.217817 0.906698
-0.372903 0.952381 -0.282318 0.876612
-0.441928 1.06572 -0.375026 0.846439
-0.628832 1.20028 -0.568972 0.802276
-0.989136 1.31614 -0.932914 0.752527
-1.53811 1.36698 -1.49092 0.707289
-2.03693 1.36034 -2.0054 0.670779
-2.71354 1.22467 -2.69241 0.586267
-2.7723 1.19347 -2.75257 0.57133
-2.86274 1.135 -2.85018 0.543686
-2.94275 1.04035 -2.93166 0.500878
-2.99508 0.959944 -2.9689 0.464399
-3.03197 0.847532 -2.98838 0.413196
-3.04119 0.763338 -2.9968 0.374394
-3.03957 0.661109 -3.00224 0.326717
-3.05166 0.581231 -3.00986 0.288466
-3.05454 0.469566 -3.0194 0.234562
-3.06747 0.363524 -3.04605 0.182173
-3.08009 0.28833 -3.07392 0.144545
-3.09553 0.189848 -3.10911 0.0951163
-3.10448 0.117662 -3.12991 0.0588941
-3.10939 0.0290787 3.13595 0.0144914
-3.11859 -0.0403938 3.13228 0.0202475
-3.13074 -0.115866 3.13514 0.0579171
-3.12992 -0.207552 3.12936 0.103622
-3.12981 -0.296043 3.12367 0.147525
-3.11764 -0.414552 3.11065 0.205937
-3.11107 -0.523401 3.09173 0.258981
-3.10723 -0.621599 3.07771 0.306141
-3.10201 -0.734447 3.05869 0.359412
-3.09536 -0.809557 3.05273 0.394265
-3.09908 -0.89758 3.06228 0.434196
-3.10662 -0.990579 3.09328 0.475447
-3.08509 -1.0757 3.11238 0.512386
-3.07046 -1.14029 3.13207 0.539547
-3.09759 -1.2235 -3.10062 0.573671
-3.12446 -1.29446 -3.07072 0.602335
2.86285 -1.44137 -2.82705 0.661783
2.84116 -1.44723 -2.8176 0.664159
2.84992 -1.44914 -2.83303 0.664709
2.87697 -1.4537 -2.871 0.665988
2.91309 -1.45956 -2.91305 0.667729
2.88324 -1.46089 -2.88207 0.668496
2.87507 -1.46027 -2.87173 0.668365
2.90897 -1.45934 -2.905 0.667702
2.96981 -1.45798 -2.96734 0.666711
3.00553 -1.45297 -3.00463 0.664634
3.02249 -1.44394 -3.02348 0.661178
3.06202 -1.4363 -3.06276 0.658141
3.10927 -1.42846 -3.11154 0.655059
-3.10584 -1.41199 3.10224 0.64883
-3.06514 -1.39546 3.05811 0.642672
-3.03225 -1.38185 3.02208 0.637677
-3.02288 -1.37616 3.01473 0.635567
-3.04056 -1.37157 3.03347 0.633662
-3.04851 -1.36612 3.04751 0.631486
-3.06321 -1.35909 3.06571 0.628661
-3.0621 -1.35335 3.06455 0.626439
-3.05012 -1.33909 3.05003 0.62097
-3.04902 -1.32251 3.04573 0.614494
-3.04713 -1.29671 3.04102 0.60433
-3.06793 -1.2463 3.05333 0.583951
-3.07483 -1.21018 3.05247 0.569179
-3.07993 -1.14628 3.03815 0.542632
-3.07915 -1.09837 3.02724 0.522408
-3.0935 -1.02655 3.03065 0.491298
-3.12384 -0.923944 3.04681 0.445573
3.11459 -0.719158 3.0793 0.351284
3.11131 -0.667951 3.0808 0.327178
3.10928 -0.651773 3.08163 0.319504
3.10483 -0.615737 3.08274 0.302331
3.10153 -0.520093 3.0794 0.256348
3.099 -0.448569 3.06964 0.221468
3.10092 -0.371295 3.05818 0.183551
3.09582 -0.309827 3.05229 0.153091
3.08563 -0.238403 3.04953 0.117469
3.07207 -0.165411 3.04916 0.0808732
3.05952 -0.109132 3.04844 0.0525264
3.05146 -0.0298722 3.04273 0.0126765
3.04558 0.0425379 3.03791 0.0237005
3.04613 0.128519 3.02544 0.0667981
3.04589 0.211513 3.01877 0.108159
3.0427 0.321486 3.01301 0.16266
3.05127 0.417548 3.00389 0.209597
3.05796 0.4917 3.00273 0.245395
3.05757 0.579527 3.00179 0.287587
3.05138 0.646787 2.99988 0.319693
3.04951 0.7336 3.00239 0.360371
3.04582 0.803209 3.00823 0.392516
3.03271 0.902086 2.98932 0.437723
3.01565 1.00925 2.96859 0.485474
2.99982 1.10122 2.95258 0.525261
3.02409 1.22861 2.98286 0.577389
3.09176 1.34572 3.05783 0.623301
-2.9635 1.4934 -2.9961 0.679484
-0.337226 1.49085 -0.355034 0.733094
-0.123803 1.36774 -0.137402 0.774505
-0.0741584 1.1514 -0.0858082 0.838329
-0.0792778 1.03692 -0.101839 0.867776
-0.0855936 0.934197 -0.124222 0.891537
-0.0868929 0.788046 -0.164669 0.920747
-0.0875538 0.622369 -0.19595 0.947809
-0.0806656 0.505362 -0.205343 0.963397
-0.0814411 0.359743 -0.202265 0.978763
-0.0782895 0.24931 -0.204474 0.9868
-0.0785805 0.153611 -0.217785 0.990709
-0.0713584 0.0115189 -0.24312 0.991997
-0.0537132 -0.1186 -0.268898 0.988663
-0.0178296 -0.221011 -0.281819 0.983872
0.0208874 -0.342507 -0.29413 0.974943
0.0337074 -0.445188 -0.298069 0.964932
0.0453 -0.575193 -0.305036 0.94853
0.0353129 -0.664867 -0.293422 0.935793
0.0421714 -0.792184 -0.285494 0.914146
0.06494 -0.889521 -0.288218 0.894891
0.0895926 -0.98613 -0.294214 0.873605
0.141664 -1.08559 -0.334835 0.84827
0.213206 -1.16988 -0.395535 0.824397
0.369831 -1.26361 -0.532504 0.793827
0.560123 -1.33609 -0.705375 0.767156
0.926837 -1.40249 -1.04617 0.736136
1.40859 -1.43912 -1.51254 0.70974
2.18901 -1.43266 -2.27063 0.67495
2.66818 -1.36821 -2.71368 0.638938
2.83207 -1.30881 -2.85392 0.612732
2.94105 -1.22395 -2.91756 0.577175
3.00427 -1.1452 -2.95365 0.54357
3.09129 -1.0593 -3.03819 0.50552
3.12134 -1.0388 -3.0736 0.496346
-3.12123 -1.0042 -3.12746 0.481166
-3.11007 -0.967637 3.13397 0.465155
-3.13696 -0.944554 -3.11039 0.454826
3.10185 -0.929958 -3.05525 0.448664
3.07938 -0.911586 -3.03121 0.440832
3.06475 -0.896201 -3.01681 0.434251
3.05913 -0.893153 -3.01546 0.432998
3.0539 -0.897662 -3.02072 0.43509
3.04378 -0.907005 -3.01557 0.439492
3.03796 -0.911173 -3.01361 0.441473
3.02941 -0.921647 -3.00721 0.446356
3.01168 -0.94008 -2.99379 0.455006
2.98094 -0.971191 -2.96835 0.469625
2.95113 -1.00514 -2.94314 0.485394
2.91062 -1.05709 -2.917 0.508915
2.83354 -1.12139 -2.86682 0.538324
2.72807 -1.18276 -2.78605 0.567173
2.5266 -1.25412 -2.61284 0.603857
2.20749 -1.31409 -2.33146 0.641726
1.61968 -1.33846 -1.78111 0.689462
1.25004 -1.32674 -1.43832 0.71808
0.90471 -1.29454 -1.12096 0.747831
0.542816 -1.23274 -0.798424 0.784536
0.318551 -1.15385 -0.609672 0.815347
0.061052 -0.968328 -0.415528 0.868558
-0.0116774 -0.874922 -0.367448 0.890118
-0.0780315 -0.748844 -0.32566 0.915397
-0.117971 -0.608053 -0.315985 0.93784
-0.159418 -0.367119 -0.333433 0.964078
-0.167235 -0.31058 -0.340492 0.968093
-0.183474 -0.194699 -0.351276 0.974277
-0.207239 -0.0363135 -0.356147 0.978414
-0.221723 0.0874832 -0.359893 0.977744
-0.23969 0.227172 -0.369619 0.972122
-0.259985 0.334148 -0.376677 0.964502
-0.276686 0.474059 -0.368315 0.952403
-0.285255 0.609437 -0.351365 0.937165
-0.294579 0.757867 -0.365694 0.913552
-0.343068 0.909737 -0.412162 0.881752
-0.42709 1.02855 -0.514309 0.849407
-0.554034 1.15589 -0.671604 0.80989
-0.694006 1.26478 -0.841304 0.774498
-1.31971 1.39291 -1.49994 0.711521
-2.40811 1.35333 -2.59931 0.638075
-2.75296 1.24265 -2.94074 0.584022
-2.92877 1.08907 -3.11129 0.51641
-2.99533 0.939757 3.10236 0.450203
-3.02259 0.813798 3.07939 0.393174
-3.029 0.671413 3.07342 0.326913
-3.0127 0.538213 3.06819 0.262861
-3.00892 0.396285 3.06505 0.193785
-3.02529 0.28544 3.04694 0.139115
-3.06019 0.0865804 3.0046 0.0403569
-3.06762 0.00647466 2.9868 0.000366211
-3.07228 -0.123748 2.95995 0.064679
-3.06409 -0.221059 2.94623 0.113452
-3.05871 -0.348709 2.93861 0.176565
-3.03417 -0.508128 2.93614 0.254983
-2.97078 -0.831763 2.91744 0.408726
-2.92349 -0.90301 2.88646 0.442663
-2.90849 -0.923374 2.87606 0.452325
-2.89071 -0.947883 2.86326 0.463875
-2.81695 -1.04259 2.79576 0.508239
-2.74662 -1.10408 2.71794 0.53786
-2.66677 -1.176 2.62299 0.571292
-2.61217 -1.24815 2.55593 0.601272
-2.56802 -1.3414 2.50144 0.635596
-2.48102 -1.41794 2.42196 0.663098
-2.45641 -1.44935 2.40498 0.673053
-2.40545 -1.47449 2.36522 0.681387
-2.29047 -1.49353 2.26178 0.688802
-2.03686 -1.52108 2.01646 0.699114
-1.6424 -1.53241 1.63325 0.70606
-1.46879 -1.53615 1.4636 0.708277
-1.32162 -1.53519 1.31792 0.71012
-1.29602 -1.53608 1.28947 0.710366
-1.24822 -1.53534 1.23872 0.711018
-1.19125 -1.53485 1.1796 0.711758
-1.23883 -1.53487 1.22486 0.711199
-1.22807 -1.53308 1.21519 0.711528
-1.22924 -1.53278 1.21797 0.711541
-1.31583 -1.5325 1.3051 0.710452
-1.29402 -1.53027 1.28492 0.710932
-1.24937 -1.52825 1.23964 0.71176
-1.28807 -1.52701 1.27799 0.711322
-1.36547 -1.52583 1.35385 0.710248
-1.5968 -1.52118 1.58341 0.706535
-2.01938 -1.50644 1.9976 0.697056
-2.57227 -1.44294 2.52392 0.668007
-2.72131 -1.39609 2.65397 0.64857
-2.85764 -1.32536 2.76148 0.61915
-2.96464 -1.22056 2.83682 0.575233
-3.0184 -1.12484 2.87438 0.53442
-3.08082 -1.00166 2.91745 0.4799
3.13928 -0.869561 2.95635 0.419309
3.11417 -0.765983 2.97078 0.371215
3.09128 -0.615983 2.97966 0.300118
3.06915 -0.484286 2.98616 0.236173
3.04267 -0.32821 2.99156 0.159055
3.02797 -0.1959 2.99111 0.0931116
3.02461 -0.0919272 2.9846 0.0411487
3.02319 0.0406653 2.97358 0.0251876
3.02752 0.144387 2.96508 0.0767449
3.03515 0.27107 2.96399 0.139072
3.04051 0.378862 2.9722 0.191583
3.03247 0.446374 2.96986 0.224756
3.01653 0.522889 2.94285 0.262687
2.9976 0.591307 2.90954 0.296623
2.96716 0.69514 2.85527 0.347533
2.9238 0.817732 2.79983 0.406416
2.87099 0.922955 2.7551 0.456185
2.81837 1.04885 2.70998 0.512553
2.78422 1.14313 2.70015 0.552149
2.76297 1.2439 2.69519 0.591874
2.75636 1.3396 2.70619 0.627377
2.74368 1.40246 2.69868 0.650156
2.82795 1.4722 2.78472 0.673177
3.08889 1.52443 3.05057 0.69044
-0.983039 1.5384 -0.998738 0.713269
-0.612547 1.51873 -0.617335 0.721899
-0.237933 1.50217 -0.231419 0.730281
0.0335984 1.48202 0.0453596 0.737751
0.154406 1.48575 0.177894 0.736064
0.317422 1.48526 0.355633 0.734868
0.455572 1.48417 0.494993 0.73353
0.543058 1.47888 0.581115 0.733721
0.495748 1.47567 0.539736 0.735349
0.391353 1.46602 0.44538 0.739712
0.294489 1.45497 0.362062 0.744261
0.276712 1.44677 0.35094 0.746942
0.260218 1.43961 0.339534 0.749312
0.270179 1.43629 0.348321 0.750235
0.29063 1.4398 0.369178 0.748832
0.30301 1.44518 0.379898 0.747013
0.296185 1.45297 0.370742 0.744729
0.229834 1.45469 0.306712 0.744953
0.126922 1.4524 0.205501 0.746581
0.085829 1.451 0.165287 0.747278
0.0456776 1.45221 0.126953 0.747028
0.0420326 1.45329 0.1226 0.746694
0.0476473 1.45524 0.126014 0.746063
0.0570435 1.45584 0.133514 0.745859
0.0505254 1.45661 0.126736 0.745633
0.056369 1.45707 0.130194 0.745495
0.0623927 1.45744 0.134754 0.745371
0.0660228 1.45784 0.140016 0.7452
0.055848 1.45646 0.1307 0.745682
0.0537134 1.45657 0.128521 0.745654
0.0342196 1.45446 0.104139 0.746488
0.0326434 1.4543 0.101199 0.746566
0.0309994 1.45456 0.0973217 0.746511
0.0239159 1.45715 0.0922629 0.745642
0.0120881 1.45812 0.0850862 0.745284
0.00324462 1.46062 0.0784245 0.744437
-0.00362941 1.46214 0.0736559 0.743909
-0.00177036 1.46362 0.0759672 0.743406
0.00894434 1.46401 0.0860613 0.743269
0.0186818 1.46465 0.0946425 0.743053
0.0304934 1.46597 0.106738 0.74258
0.0329051 1.46604 0.109216 0.74255
0.0112072 1.466 0.08811 0.742601
0.000538954 1.46579 0.0766087 0.742703
0.00015913 1.46464 0.0738139 0.743121
0.00782322 1.46443 0.0803366 0.743196
0.0160948 1.46456 0.0886457 0.743136
0.0213867 1.46637 0.0952472 0.742502
0.0209005 1.46743 0.0965774 0.742123
0.017583 1.46719 0.0935123 0.742207
0.019043 1.46779 0.0941685 0.742015
0.0348412 1.46794 0.108136 0.741954
0.0486344 1.46862 0.121792 0.741691
0.0445869 1.46866 0.120067 0.741655
0.0420143 1.46895 0.118959 0.741544
0.0371377 1.46925 0.114386 0.741452
0.0316279 1.4686 0.110888 0.741653
0.0314028 1.46923 0.11335 0.741403
0.022337 1.46913 0.106483 0.741424
0.0179534 1.46897 0.101041 0.741502
0.0351277 1.4698 0.113333 0.741261
0.0441327 1.47034 0.122068 0.741059
0.0469137 1.47084 0.124614 0.740887
0.046222 1.47102 0.123559 0.740834
0.0528015 1.47166 0.130573 0.740591
0.0610541 1.47255 0.138392 0.740275
0.0813134 1.47382 0.15595 0.739815
0.118715 1.47642 0.190115 0.738828
0.126396 1.47648 0.197793 0.738767
0.119015 1.47712 0.19144 0.738577
0.106022 1.4773 0.179838 0.738559
0.0994759 1.47712 0.173855 0.738641
0.0937244 1.47579 0.167431 0.739122
0.102638 1.47602 0.174535 0.739031
0.11355 1.47649 0.184104 0.738842
0.118708 1.47792 0.187153 0.738373
0.124548 1.47881 0.191759 0.738065
0.127254 1.47921 0.195507 0.737902
0.117962 1.47837 0.185897 0.738233
0.123032 1.47803 0.190666 0.738324
0.133444 1.4793 0.200923 0.737853
0.139094 1.48001 0.206784 0.737583
0.131521 1.4803 0.200006 0.737515
0.131373 1.48083 0.199554 0.737343
0.11538 1.47965 0.183604 0.737818
0.108204 1.47939 0.17605 0.737943
0.109291 1.47911 0.176936 0.738034
0.108443 1.48 0.176198 0.737738
0.108107 1.4801 0.175682 0.737711
0.102171 1.48017 0.169803 0.737712
0.0970346 1.48014 0.164736 0.737741
0.100934 1.47983 0.168122 0.737836
0.102828 1.47981 0.169318 0.737846
0.104318 1.48032 0.17055 0.737672
0.0931168 1.47922 0.158582 0.738097
0.0884059 1.4791 0.154115 0.738154
0.0810117 1.479 0.14655 0.738217
0.0762557 1.4794 0.142294 0.738093
0.0761574 1.47861 0.141535 0.738367
0.0796611 1.47822 0.14358 0.738505
0.088248 1.47874 0.152433 0.738293
0.0943485 1.47991 0.159006 0.737873
0.0929061 1.4794 0.157829 0.738047
0.0968705 1.4797 0.161925 0.737926
0.102232 1.47867 0.167263 0.738249
0.109051 1.47947 0.174156 0.737952
0.111728 1.47978 0.176753 0.737834
0.117187 1.48077 0.181535 0.737489
0.126359 1.48162 0.189731 0.737176
0.108302 1.4815 0.171635 0.737299
0.054646 1.48037 0.11724 0.737879
-0.128895 1.47799 -0.066761 0.738648
-0.511759 1.47188 -0.452066 0.736904
-1.00651 1.43098 -0.949344 0.73269
-1.21693 1.36481 -1.16173 0.730156
-1.31934 1.25513 -1.27033 0.728391
-1.42488 1.13426 -1.37297 0.716284
-1.493 1.0128 -1.44868 0.69903
-1.52748 0.853331 -1.49721 0.676521
-1.53865 0.732557 -1.53432 0.655775
-1.54016 0.510062 -1.56101 0.617161
-1.55374 0.440564 -1.57681 0.599221
-1.5784 0.317684 -1.58835 0.56757
-1.59773 0.206821 -1.59444 0.53767
-1.6048 0.0701249 -1.59867 0.502303
-1.60543 -0.0750076 -1.60082 0.464143
-1.60693 -0.19303 -1.60497 0.430307
-1.59249 -0.330506 -1.62035 0.390403
-1.57257 -0.423192 -1.64593 0.360748
-1.55028 -0.53518 -1.6857 0.320214
-1.52288 -0.613904 -1.7277 0.289657
-1.47833 -0.728536 -1.79263 0.243785
-1.42626 -0.831118 -1.85565 0.203511
-1.2989 -0.971148 -1.99252 0.14585
-1.1393 -1.10245 -2.16587 0.0867422
-0.964345 -1.19163 -2.33951 0.0466963
-0.701428 -1.26946 -2.59816 0.00671054
-0.319819 -1.32107 -2.98202 0.0352495
0.0571181 -1.323 2.92128 0.0692749
0.379188 -1.29154 2.59898 0.100924
0.664484 -1.22204 2.31367 0.140126
0.773619 -1.16504 2.20176 0.165164
0.841169 -1.11449 2.12802 0.187256
0.941525 -1.03326 2.01475 0.224453
0.975336 -0.992961 1.96944 0.243681
1.00109 -0.939616 1.93045 0.266665
1.00357 -0.91681 1.92304 0.275381
1.00423 -0.91492 1.92056 0.276689
1.00291 -0.91724 1.92345 0.275285
1.00284 -0.917686 1.92285 0.275405
1.00681 -0.921485 1.92114 0.273844
1.00397 -0.926385 1.92585 0.271431
0.998407 -0.936951 1.93376 0.26693
0.995861 -0.950446 1.93795 0.262154
0.989889 -0.971476 1.94808 0.253897
0.982107 -0.992811 1.95757 0.24633
0.96031 -1.03419 1.98581 0.229875
0.933122 -1.08621 2.02231 0.208916
0.888895 -1.16605 2.07357 0.179869
0.793107 -1.25441 2.17705 0.145553
0.637674 -1.31842 2.34093 0.115727
0.17265 -1.38788 2.81905 0.0685507
-0.253133 -1.39873 -3.0257 0.0371555
-0.712125 -1.37434 -2.55211 0.00111211
-1.08643 -1.2908 -2.14962 0.0519979
-1.29877 -1.17968 -1.91273 0.106737
-1.38495 -1.07993 -1.80536 0.151322
-1.42555 -0.96934 -1.74446 0.197201
-1.46613 -0.838578 -1.69349 0.245549
-1.48804 -0.695641 -1.65779 0.2972
-1.51747 -0.541117 -1.61796 0.349634
-1.52177 -0.453029 -1.60035 0.380484
-1.52573 -0.303561 -1.57584 0.429923
-1.53472 -0.198151 -1.55941 0.461038
-1.52159 -0.0712434 -1.55328 0.499074
-1.50472 0.0715917 -1.54272 0.540153
-1.49576 0.161768 -1.53701 0.563557
-1.48196 0.282798 -1.52975 0.592864
-1.46128 0.456828 -1.51159 0.631536
-1.44911 0.603424 -1.48261 0.660348
-1.49238 1.07968 -1.43808 0.703754
-1.58829 1.20868 -1.48833 0.698815
-1.6557 1.2945 -1.53531 0.696696
-1.79522 1.41941 -1.6437 0.695139
-2.66548 1.54637 -2.48501 0.69689
1.5328 1.48231 1.7299 0.701094
1.42545 1.34478 1.64412 0.701272
1.40243 1.19437 1.63149 0.697187
1.39841 1.08419 1.63071 0.691231
1.3971 0.937337 1.63205 0.679679
1.39603 0.823941 1.62795 0.669114
1.39653 0.685223 1.62883 0.652207
1.40462 0.557722 1.63958 0.630753
1.41539 0.453987 1.66353 0.606825
1.42724 0.340142 1.69035 0.577321
1.43455 0.261101 1.70432 0.556328
1.43714 0.14742 1.71901 0.526795
1.4389 0.0419069 1.72429 0.499894
1.44692 -0.0178734 1.71634 0.485556
1.45413 -0.0825836 1.70683 0.470078
1.45959 -0.125005 1.69637 0.460709
1.46616 -0.188331 1.68865 0.444383
1.47106 -0.241548 1.68563 0.429409
1.48009 -0.292172 1.6809 0.414262
1.48202 -0.349598 1.68761 0.395164
1.488 -0.40039 1.68996 0.377878
1.50309 -0.477404 1.68268 0.352778
1.53257 -0.588426 1.66426 0.315579
1.55246 -0.669513 1.65317 0.287208
1.58163 -0.774712 1.64118 0.247499
1.57791 -0.980249 1.67723 0.167129
1.57088 -1.04557 1.69639 0.140327
1.56623 -1.08786 1.70939 0.122681
1.56533 -1.17785 1.73472 0.0826534
1.55987 -1.28021 1.76506 0.0377921
1.50276 -1.36347 1.83166 0.00447931
1.34104 -1.45563 2.00508 0.0335903
0.581707 -1.50464 2.7661 0.0619686
-0.0879215 -1.48743 -2.85407 0.0758917
-0.478611 -1.446 -2.4706 0.0917517
-0.66375 -1.41167 -2.28948 0.104922
-0.853099 -1.38168 -2.10122 0.119998
-0.946166 -1.35691 -2.01489 0.128335
-1.00245 -1.34565 -1.9651 0.131477
-1.03669 -1.33529 -1.93476 0.134503
-1.06498 -1.33311 -1.90896 0.135273
-1.07073 -1.33292 -1.90152 0.136145
-1.06826 -1.33295 -1.90226 0.136689
-1.07311 -1.33246 -1.9 0.136057
-1.07544 -1.33888 -1.89988 0.13328
-1.04863 -1.34974 -1.93493 0.125935
-0.993715 -1.36807 -1.99448 0.116681
-0.901135 -1.39087 -2.092 0.104822
-0.690897 -1.41529 -2.31282 0.086392
-0.219631 -1.43623 -2.79526 0.0579403
0.32848 -1.42072 2.92523 0.0252453
0.75854 -1.35526 2.48174 0.014855
0.887527 -1.30327 2.34591 0.0381515
0.977773 -1.23972 2.24661 0.0649834
1.05757 -1.14954 2.15752 0.100634
1.16176 -0.993307 2.05552 0.155929
1.18031 -0.9619 2.03681 0.167357
1.20832 -0.907636 2.00742 0.187279
1.24827 -0.800588 1.95639 0.22849
1.26591 -0.701091 1.92352 0.266593
1.27963 -0.569185 1.8938 0.313747
1.2854 -0.466558 1.88256 0.346526
1.29469 -0.351826 1.87571 0.379467
1.30569 -0.255705 1.87129 0.405099
1.31759 -0.12491 1.87216 0.437183
1.32571 0.0214587 1.87225 0.472647
1.33939 0.152977 1.86754 0.503104
1.36019 0.31045 1.84603 0.541054
1.36829 0.423445 1.82825 0.567729
1.38506 0.542219 1.81614 0.591026
1.41662 0.654949 1.82392 0.605689
1.45086 0.739231 1.85034 0.611233
1.4962 0.857517 1.88841 0.619989
1.52655 0.993047 1.90889 0.63597
1.55804 1.17029 1.9093 0.659508
1.57654 1.26786 1.91649 0.670286
1.67112 1.40823 1.99046 0.681048
-2.67126 1.52925 -2.382 0.687577
-1.87339 1.40504 -1.6174 0.688747
-1.73022 1.23052 -1.5178 0.686602
-1.64246 1.05546 -1.47998 0.683233
-1.59397 0.876816 -1.48455 0.671551
-1.56656 0.747027 -1.49453 0.658941
-1.53866 0.582761 -1.51602 0.637087
-1.51352 0.45253 -1.53754 0.616354
-1.42983 0.100853 -1.61253 0.545898
-1.3991 0.00187038 -1.63628 0.523468
-1.38168 -0.0550943 -1.65058 0.509716
-1.33795 -0.202496 -1.69085 0.47085
-1.30774 -0.343373 -1.73329 0.427098
-1.29824 -0.467431 -1.76364 0.384616
-1.2561 -0.60918 -1.8179 0.335401
-1.19549 -0.705513 -1.8792 0.300785
-1.08148 -0.819769 -1.99936 0.252474
-0.986518 -0.906033 -2.10935 0.210589
-0.871463 -0.985014 -2.24098 0.168001
-0.738489 -1.02926 -2.36411 0.143304
-0.618 -1.05588 -2.48673 0.119608
-0.452055 -1.0796 -2.65561 0.0893461
-0.335749 -1.09401 -2.78533 0.0636771
-0.132188 -1.1054 -2.98897 0.0301743
0.0825142 -1.0947 3.08005 0.00479427
0.221953 -1.08449 2.93657 0.0302614
0.330474 -1.07684 2.83205 0.047204
0.391931 -1.08115 2.77509 0.0547285
0.424107 -1.08983 2.74083 0.0594919
0.453197 -1.09225 2.71146 0.0637107
0.455241 -1.09704 2.70775 0.0640059
0.428184 -1.10391 2.73185 0.0602002
0.392447 -1.1088 2.768 0.0540148
0.345042 -1.11841 2.81162 0.0473206
0.303726 -1.12864 2.85165 0.0405988
0.235331 -1.14675 2.92391 0.0273164
0.0946236 -1.1658 3.07127 0.00330042
0.0474176 -1.16889 3.11905 0.00367936
-0.324293 -1.15635 -2.77667 0.063203
-0.400923 -1.14938 -2.69764 0.0755082
-0.47843 -1.13909 -2.61516 0.0895085
-0.631082 -1.10894 -2.45243 0.119232
-0.778986 -1.06244 -2.29424 0.152555
-0.884397 -1.01985 -2.18678 0.176927
-0.977142 -0.970879 -2.09056 0.202337
-1.04873 -0.919184 -2.01424 0.226791
-1.08665 -0.88626 -1.97195 0.242079
-1.12938 -0.835755 -1.92108 0.264476
-1.16044 -0.793246 -1.88316 0.282769
-1.19426 -0.731971 -1.8368 0.308893
-1.2309 -0.67758 -1.79384 0.330628
-1.27371 -0.61143 -1.7441 0.356144
-1.30494 -0.547559 -1.70453 0.380005
-1.32232 -0.503366 -1.68534 0.394557
-1.34444 -0.451401 -1.66481 0.410237
-1.36609 -0.399401 -1.6414 0.426659
-1.39696 -0.328272 -1.60984 0.447975
-1.42489 -0.256927 -1.58101 0.468468
-1.45979 -0.165309 -1.54749 0.492784
-1.48411 -0.0651762 -1.51595 0.519867
-1.50297 0.0367679 -1.4892 0.545723
-1.52049 0.160399 -1.45476 0.576237
-1.5344 0.270517 -1.42271 0.601403
-1.54791 0.407732 -1.38303 0.629701
-1.5403 0.548282 -1.33875 0.658845
-1.53664 0.667203 -1.30146 0.678433
-1.49955 0.85501 -1.24669 0.705662
-1.39553 1.10138 -1.14218 0.731111
-0.178942 1.44758 0.0818966 0.743258
0.68014 1.41466 0.932668 0.737508
0.828087 1.39197 1.07869 0.735313
1.1285 1.29981 1.36646 0.726019
1.32156 1.11993 1.53522 0.707719
1.36918 0.987749 1.58125 0.692863
1.40043 0.807728 1.65702 0.661942
1.42206 0.657209 1.72592 0.626302
1.43382 0.515127 1.77398 0.590267
1.45021 0.334609 1.81189 0.54221
1.48483 0.191423 1.82025 0.501101
1.52936 0.0228794 1.81513 0.450478
1.5851 -0.149937 1.80867 0.39086
1.61086 -0.275077 1.80892 0.346462
1.61536 -0.431203 1.82292 0.291406
1.60558 -0.564228 1.84413 0.243567
1.58581 -0.730287 1.87757 0.182006
1.56356 -0.858198 1.9088 0.133877
1.53843 -1.01056 1.94505 0.0758687
1.5341 -1.10631 1.95768 0.0392398
1.54589 -1.19974 1.95275 0.00433879
1.53266 -1.28149 1.96233 0.0234133
1.51684 -1.32639 1.98023 0.0401944
1.53032 -1.36841 1.97492 0.0575333
1.55428 -1.38492 1.95264 0.0635654
1.58941 -1.38411 1.9127 0.0611731
1.60426 -1.37152 1.8897 0.0536987
1.60079 -1.35053 1.88259 0.0425767
1.60491 -1.33176 1.87522 0.0347265
1.61016 -1.31002 1.86907 0.0266331
1.61321 -1.23338 1.85959 0.00292029
1.60613 -1.18641 1.8614 0.0213524
1.58293 -1.10675 1.8691 0.0545485
1.56561 -1.05061 1.87416 0.0781879
1.56185 -0.97771 1.87125 0.105943
1.55791 -0.898191 1.86468 0.137133
1.55988 -0.827874 1.85613 0.163731
1.55755 -0.752341 1.84847 0.192865
1.54792 -0.698031 1.84573 0.215011
1.53988 -0.618291 1.83769 0.246614
1.53794 -0.541644 1.82716 0.275735
1.54702 -0.435863 1.8095 0.312844
1.5489 -0.321565 1.79851 0.351366
1.54503 -0.22585 1.78973 0.383838
1.53619 -0.104637 1.78447 0.422545
1.51173 -0.00863199 1.78576 0.45407
1.49791 0.123078 1.78286 0.491873
1.48187 0.268943 1.77664 0.531389
1.46795 0.385199 1.76566 0.561807
1.44756 0.517915 1.7428 0.596055
1.43406 0.602402 1.73096 0.615086
1.42633 0.711887 1.73149 0.633039
1.41822 0.780964 1.72692 0.644438
1.40124 0.906367 1.69658 0.666216
1.34388 1.05385 1.61973 0.693188
1.30455 1.10303 1.56526 0.70422
1.25552 1.16184 1.49976 0.714781
1.20267 1.23932 1.43424 0.721874
1.15442 1.28457 1.38096 0.725496
1.00181 1.35676 1.21758 0.73258
0.669254 1.412 0.871995 0.741501
0.649683 1.41623 0.848384 0.741502
0.61441 1.42492 0.808076 0.74096
0.516578 1.43976 0.703764 0.740441
0.388345 1.4651 0.561966 0.736674
0.31461 1.48496 0.463517 0.732568
0.468438 1.502 0.573549 0.726804
0.704576 1.51389 0.804557 0.720595
0.909955 1.52178 1.04138 0.715083
0.884946 1.53264 1.04314 0.712458
0.576407 1.54261 0.742693 0.712468
0.116879 1.5423 0.281439 0.714519
0.0632113 1.54156 0.225703 0.714929
0.186368 1.53918 0.350827 0.715407
0.294002 1.53367 0.466221 0.716553
0.213293 1.53132 0.393519 0.717418
0.063013 1.53118 0.244136 0.717912
-0.04505 1.53352 0.135094 0.717283
-0.0911282 1.53553 0.0911915 0.716528
-0.123094 1.53968 0.0565188 0.715168
-0.0297198 1.53985 0.151967 0.715026
-0.246652 1.54056 -0.0582226 0.714455
-0.381683 1.53647 -0.191899 0.715463
-0.484242 1.5333 -0.288335 0.715872
-0.462725 1.53113 -0.268297 0.716726
-0.450915 1.53023 -0.258239 0.717133
-0.434637 1.52903 -0.24336 0.717646
-0.538018 1.52701 -0.344313 0.717623
-0.748203 1.52162 -0.551264 0.717311
-0.837812 1.5096 -0.639937 0.719311
-0.996109 1.48228 -0.800706 0.722532
-0.882059 1.48032 -0.702621 0.725996
-0.840267 1.48105 -0.665849 0.726852
-0.708679 1.48938 -0.550118 0.727565
-0.744912 1.49828 -0.590045 0.724656
-0.841348 1.51522 -0.67868 0.718737
-0.924876 1.53019 -0.749753 0.713863
-1.24364 1.54532 -1.05785 0.707674
-1.91228 1.52466 -1.72888 0.699916
-1.89149 1.49569 -1.72765 0.69796
-2.10663 1.49535 -1.93271 0.69236
-2.39755 1.49582 -2.21766 0.685947
-2.41964 1.48136 -2.25338 0.682053
-2.29216 1.48313 -2.13018 0.685598
-2.19549 1.48337 -2.03875 0.68821
-2.14596 1.49131 -1.98528 0.690929
-2.04956 1.50217 -1.88936 0.695008
-1.97791 1.50666 -1.81428 0.697134
-1.97183 1.51365 -1.80546 0.698061
-2.01384 1.52027 -1.84807 0.698159
-1.89905 1.51157 -1.73984 0.699406
-1.8764 1.50475 -1.71898 0.699282
-1.89285 1.5071 -1.73219 0.69908
-1.93227 1.51064 -1.76842 0.698549
-1.8954 1.52083 -1.72832 0.700204
-1.84363 1.53079 -1.67517 0.701808
-1.77263 1.54088 -1.60102 0.703202
-1.82556 1.54863 -1.65013 0.703042
-1.74988 1.55062 -1.57101 0.703606
-1.60414 1.54949 -1.42251 0.704585
-1.43347 1.54491 -1.24808 0.706099
-1.37258 1.54364 -1.18581 0.706722
-1.40968 1.54371 -1.22235 0.706357
-1.39851 1.5439 -1.2133 0.706503
-1.38791 1.54446 -1.20359 0.706573
-1.35311 1.54663 -1.17282 0.706772
-1.20624 1.54808 -1.03257 0.707901
-1.13807 1.55009 -0.968211 0.708143
-0.941978 1.55347 -0.773623 0.708584
-0.918001 1.55441 -0.75092 0.708509
-1.00295 1.55259 -0.837343 0.708554
-1.03702 1.55354 -0.871673 0.708193
-1.20635 1.55441 -1.04149 0.707186
-1.36164 1.55218 -1.1982 0.706604
-1.40063 1.55041 -1.23773 0.706521
-1.44417 1.54975 -1.28359 0.706319
-1.46754 1.54947 -1.30733 0.706174
-1.49521 1.55011 -1.33588 0.705957
-1.46891 1.55142 -1.31072 0.706096
-1.44397 1.55197 -1.28627 0.706238
-1.55501 1.55187 -1.39962 0.705567
-1.53396 1.5529 -1.379 0.705679
-1.66996 1.55256 -1.51627 0.704847
-1.72315 1.55161 -1.57019 0.704493
-1.75435 1.55243 -1.60223 0.704336
-1.79231 1.5519 -1.64108 0.704083
-1.71938 1.55277 -1.56907 0.704615
-1.75368 1.55361 -1.60345 0.704433
-1.76166 1.55328 -1.61163 0.704376
-1.79199 1.55248 -1.64446 0.704203
-1.8585 1.55356 -1.71467 0.703948
-1.837 1.55359 -1.69384 0.704094
-1.87634 1.5535 -1.73433 0.703878
-1.92013 1.55334 -1.7787 0.703615
-1.91427 1.55234 -1.7732 0.70356
-1.91097 1.55258 -1.7714 0.703636
-1.94888 1.55418 -1.8091 0.703574
-2.0197 1.55607 -1.88145 0.703469
-2.01064 1.55625 -1.87297 0.703549
-1.89879 1.55575 -1.76147 0.704057
-1.81637 1.55355 -1.68051 0.704372
-1.84946 1.55457 -1.71385 0.704258
-2.01301 1.55621 -1.87742 0.703578
-2.01107 1.55573 -1.87669 0.703549
-1.9935 1.55265 -1.86183 0.703305
-1.88829 1.55149 -1.75825 0.703875
-2.0368 1.55216 -1.90741 0.703023
-2.09628 1.55341 -1.96645 0.702859
-2.1311 1.55185 -2.00329 0.702442
-2.18108 1.55364 -2.05401 0.7025
-2.25673 1.55432 -2.13073 0.702282
-2.30447 1.55505 -2.17841 0.702221
-2.28383 1.55549 -2.15766 0.702405
-2.25736 1.55594 -2.12961 0.702583
-2.214 1.55564 -2.08665 0.702718
-2.25468 1.55515 -2.12753 0.70244
-2.33563 1.55671 -2.20863 0.70245
-2.43913 1.55551 -2.31298 0.701783
-2.36093 1.55825 -2.23645 0.702771
-2.3713 1.55853 -2.24697 0.702807
-2.31513 1.55754 -2.19045 0.702764
-2.35133 1.55756 -2.22651 0.702635
-2.45419 1.55745 -2.32934 0.70226
-2.54828 1.5566 -2.42431 0.701752
-2.44707 1.55464 -2.32501 0.701609
-2.36292 1.55359 -2.24147 0.701714
-2.42408 1.55291 -2.30211 0.701263
-2.42974 1.55325 -2.30756 0.70132
-2.43289 1.55042 -2.31344 0.700631
-2.50244 1.55272 -2.38378 0.700941
-2.57738 1.55082 -2.45894 0.700098
-2.55624 1.5535 -2.43845 0.700966
-2.48447 1.55202 -2.36756 0.700857
-2.62529 1.55314 -2.50655 0.700598
-2.62156 1.55113 -2.50456 0.700042
-2.62622 1.55335 -2.51216 0.700745
-2.75414 1.55107 -2.64233 0.699669
-2.74879 1.55034 -2.63712 0.699452
-2.67666 1.54946 -2.56553 0.69943
-2.62068 1.54881 -2.5093 0.699452
-2.61023 1.54961 -2.49877 0.699733
-2.62513 1.54834 -2.51332 0.699284
-2.58825 1.55016 -2.47736 0.699999
-2.57041 1.54995 -2.46184 0.700052
-2.64507 1.54983 -2.53696 0.699719
-2.63408 1.54909 -2.52746 0.699562
-2.62317 1.54927 -2.51738 0.699676
-2.62186 1.54897 -2.51736 0.69961
-2.68122 1.54893 -2.5769 0.699365
-2.6752 1.54856 -2.57161 0.699286
-2.62483 1.54929 -2.52422 0.699758
-2.57605 1.54892 -2.47666 0.699877
-2.56818 1.54848 -2.46899 0.699785
-2.58275 1.54838 -2.48328 0.699686
-2.59275 1.54597 -2.49361 0.698933
-2.56058 1.54617 -2.46186 0.69916
-2.60205 1.54518 -2.50296 0.69865
-2.62239 1.54469 -2.52422 0.698417
-2.59233 1.54343 -2.49485 0.698206
-2.59941 1.54497 -2.5031 0.698644
-2.64184 1.54442 -2.54515 0.698259
-2.62427 1.54425 -2.52826 0.698303
-2.63175 1.54438 -2.53607 0.698311
-2.68521 1.54379 -2.5898 0.697877
-2.65131 1.54429 -2.55585 0.69819
-2.67072 1.54348 -2.57594 0.697856
-2.70961 1.54414 -2.6144 0.697883
-2.70242 1.54345 -2.60738 0.697695
-2.71626 1.54384 -2.62115 0.697758
-2.77218 1.54408 -2.67778 0.697619
-2.82828 1.54412 -2.73385 0.697431
-2.88716 1.54432 -2.79527 0.697358
-2.92074 1.54425 -2.83138 0.697282
-2.92625 1.54383 -2.83659 0.697118
-2.97854 1.54343 -2.88826 0.696854
-2.96324 1.54553 -2.87417 0.697637
-2.93257 1.54496 -2.8425 0.69749
-3.08482 1.54412 -2.99195 0.696902
2.90174 1.53979 2.99516 0.695494
2.88824 1.53782 2.9806 0.694847
3.05616 1.53484 3.14142 0.693651
3.07429 1.53407 -3.12451 0.69338
3.09591 1.53277 -3.10386 0.692921
3.11743 1.53259 -3.08265 0.692863
3.12236 1.53366 -3.07874 0.693263
3.08641 1.53533 -3.11369 0.693849
3.04686 1.53448 3.13117 0.693541
3.01709 1.53441 3.10125 0.693544
3.03578 1.53438 3.11836 0.693539
3.00792 1.5326 3.09225 0.692903
2.97965 1.5324 3.06423 0.692865
2.92178 1.53189 3.00543 0.692816
2.86226 1.53157 2.94564 0.69288
2.8587 1.5299 2.94109 0.692323
2.86178 1.53003 2.94357 0.692366
2.95808 1.52811 3.03824 0.691442
3.0087 1.52616 3.08659 0.690683
2.99906 1.5206 3.07627 0.688707
2.94793 1.51901 3.0253 0.688252
2.94623 1.51711 3.02195 0.687602
2.89487 1.51841 2.96777 0.688285
2.91837 1.51858 2.98883 0.688294
2.93271 1.51773 3.00401 0.687929
2.91081 1.51732 2.98515 0.687815
2.8888 1.51708 2.96231 0.687825
2.83185 1.51575 2.90549 0.68762
2.76736 1.51321 2.84151 0.687115
2.74756 1.51184 2.82191 0.686783
2.75371 1.5115 2.82885 0.686611
2.7469 1.50984 2.8226 0.686082
2.71999 1.50707 2.79107 0.685433
2.71587 1.50667 2.78621 0.685345
2.71645 1.5063 2.78617 0.685224
2.75298 1.50587 2.81928 0.684831
2.80188 1.50844 2.86356 0.685427
2.85151 1.51006 2.90431 0.685806
2.77647 1.50855 2.81866 0.685893
2.6679 1.50625 2.69675 0.686213
2.44227 1.50077 2.44797 0.687683
2.3099 1.4881 2.29463 0.686957
2.18828 1.46949 2.14441 0.685946
2.26351 1.45113 2.20332 0.679509
2.27686 1.41704 2.20304 0.670849
